"総   数",53,17,11,28,14,11,25
15歳未満,0,0,0,0,0,0,0
15~19歳,0,0,0,0,0,0,0
20~24歳,2,0,0,0,1,1,2
25~29歳,1,1,0,1,0,0,0
30~34歳,2,1,0,1,0,1,1
35~39歳,0,0,0,0,0,0,0
40~44歳,2,0,0,0,2,0,2
45~49歳,3,2,0,2,0,1,1
50~54歳,2,1,0,1,1,0,1
55~59歳,3,2,1,3,0,0,0
60~64歳,5,3,2,5,0,0,0
65~69歳,5,2,1,3,1,1,2
70~74歳,6,2,2,4,1,1,2
75~79歳,6,0,1,1,3,2,5
80~84歳,7,2,2,4,1,2,3
85歳以上,9,1,2,3,4,2,6
