"総   数",174,101,32,133,23,18,41
15歳未満,1,0,1,1,0,0,0
15~19歳,0,0,0,0,0,0,0
20~24歳,0,0,0,0,0,0,0
25~29歳,0,0,0,0,0,0,0
30~34歳,1,0,1,1,0,0,0
35~39歳,8,6,2,8,0,0,0
40~44歳,4,1,1,2,1,1,2
45~49歳,6,3,2,5,0,1,1
50~54歳,11,8,1,9,1,1,2
55~59歳,15,12,2,14,1,0,1
60~64歳,11,8,1,9,1,1,2
65~69歳,29,23,2,25,2,2,4
70~74歳,19,13,4,17,1,1,2
75~79歳,29,17,7,24,1,4,5
80~84歳,15,7,4,11,4,0,4
85歳以上,25,3,4,7,11,7,18
